135 166	
	1	2941949	4324681
	2	2942854	4324668
	3	2938335	4324730
	4	2939068	4324720
	5	2939034	4324720
	6	2942208	4324676
	7	2942208	4324676
	8	2938308	4324730
	10	2938308	4324730
	9	2937464	4324742
	11	2937464	4324742
	12	2937464	4324742
	13	2935016	4324776
	14	2935016	4324776
	15	2934902	4324778
	17	2934506	4324783
	16	2934506	4324783
	18	2931205	4324829
	19	2931503	4324824
	21	2932671	4324808
	20	2932671	4324808
	23	2932802	4324806
	22	2931909	4324819
	24	2932174	4324815
	29	2931399	4324825
	30	2927871	4324874
	28	2932688	4324808
	31	2932167	4324815
	32	2932168	4324815
	33	2932168	4324815
	34	2932168	4324815
	35	2932332	4324812
	36	2931897	4324818
	37	2930147	4324842
	38	2926965	4324886
	39	2924926	4324914
	41	2922425	4324949
	42	2921777	4324958
	43	2921426	4324963
	44	2921426	4324963
	46	2921426	4324963
	45	2921426	4324963
	48	2923703	4324932
	49	2923974	4324928
	53	2923946	4324928
	50	2916195	4325035
	47	2923738	4324931
	51	2891676	4325377
	52	2923798	4324931
	68	2923798	4324931
	54	2924143	4324926
	59	2930807	4324834
	57	2930325	4324841
	58	2927951	4324874
	56	893010	4375358
	55	2924748	4324918
	61	8118975	4224895
	62	2924288	4324924
	63	2925211	4324912
	64	2923840	4324931
	65	2923840	4324931
	66	2923840	4324931
	67	2923170	4324940
	69	2897986	4325286
	73	2921211	4324967
	70	2921442	4324963
	71	2921442	4324963
	72	2921442	4324963
	76	2920356	4324978
	77	2918947	4324998
	78	2916091	4325037
	75	2920139	4324982
	60	2925932	4324902
	80	2918964	4324998
	82	2915495	4325046
	83	2915095	4325051
	81	3008425	4323753
	84	2914153	4325064
	79	2914153	4325064
	98	2912174	4325091
	99	2912174	4325091
	100	2912162	4325092
	102	2911560	4325100
	101	2911331	4325103
	103	2905619	4325182
	117	2907203	4325160
	118	2907203	4325160
	104	2905827	4325179
	94	2907023	4325162
	105	2905827	4325179
	106	2904792	4325193
	108	2904792	4325193
	109	2904028	4325203
	96	2904028	4325203
	110	2906846	4325165
	111	2906846	4325165
	93	2907177	4325160
	95	2907023	4325162
	112	2906446	4325170
	113	2906446	4325170
	74	2919067	4324995
	40	2923880	4324929
	25	2938900	4324722
	114	2913350	4325076
	115	2913350	4325076
	85	2914952	4325054
	86	2914952	4325054
	116	2909016	4325135
	119	2905701	4325181
	120	2903977	4325205
	122	2900863	4325248
	123	2901799	4325235
	124	2901558	4325238
	107	2901007	4325246
	121	2908380	4325144
	125	2898527	4325280
	126	2898527	4325280
	127	2898527	4325280
	128	2897150	4325299
	129	2890560	4325390
	130	2890560	4325390
	132	2890560	4325390
	134	2886451	4325447
	133	2893740	4325346
	26	2932022	4324817
	27	2929601	4324850
	87	2914021	4325066
	88	2914217	4325063
	89	2913303	4325075
	90	2908898	4325136
	91	2911759	4325097
	92	2909047	4325134
	97	2891145	4325382
	131	2891183	4325381
	0	2938701	4324724		
	1	2	
	2	3	
	3	4	
	4	5	
	4	7	
	5	6	
	5	7	
	6	25	
	7	8	
	8	9	
	9	10	
	10	11	
	10	12	
	11	12	
	12	13	
	13	14	
	14	15	
	14	16	
	15	16	
	16	17	
	17	18	
	15	59	
	12	19	
	19	20	
	19	21	
	20	22	
	22	23	
	23	24	
	24	29	
	20	21	
	22	21	
	21	28	
	28	31	
	31	32	
	32	33	
	33	34	
	34	35	
	35	36	
	36	37	
	37	38	
	38	39	
	39	40	
	40	41	
	41	42	
	41	44	
	42	43	
	43	44	
	44	45	
	43	46	
	46	45	
	45	49	
	46	47	
	47	49	
	47	48	
	48	73	
	47	50	
	49	53	
	53	50	
	53	30	
	53	51	
	50	51	
	51	52	
	51	30	
	30	54	
	53	54	
	54	52	
	54	55	
	55	68	
	52	68	
	55	56	
	56	57	
	56	58	
	57	58	
	58	59	
	57	59	
	55	60	
	68	60	
	60	61	
	68	61	
	61	62	
	62	63	
	63	64	
	64	65	
	65	66	
	61	69	
	61	67	
	69	67	
	69	70	
	70	71	
	71	72	
	72	73	
	73	74	
	72	76	
	76	77	
	77	78	
	78	79	
	67	75	
	69	75	
	75	80	
	67	80	
	80	81	
	81	82	
	82	83	
	82	85	
	85	86	
	83	84	
	84	79	
	84	98	
	79	87	
	87	88	
	88	89	
	89	90	
	90	91	
	91	92	
	90	93	
	99	100	
	99	101	
	100	102	
	101	102	
	102	103	
	103	104	
	103	110	
	110	111	
	111	93	
	93	94	
	94	95	
	95	96	
	104	105	
	105	106	
	105	112	
	112	113	
	113	95	
	106	107	
	106	108	
	108	109	
	109	96	
	83	114	
	114	115	
	115	116	
	116	117	
	115	117	
	117	118	
	118	103	
	117	119	
	119	121	
	119	120	
	120	121	
	120	122	
	121	122	
	122	123	
	123	124	
	124	107	
	122	125	
	123	125	
	123	126	
	125	126	
	126	127	
	125	127	
	127	128	
	128	129	
	129	130	
	128	132	
	132	133	
	133	134	
	134	97	
	25	0
